data:
  annotation_format: x1y1wh

  mixup: 0.0
  mosaic: 0.0
  fliplr: 0.5
  flipud: 0.0
  hsv_h: 0.0138
  hsv_s: 0.664
  hsv_v: 0.464
  scale: 0.5
  shear: 0.602
  translate: 0.245
  degrees: 0.373

  ignored_input: True

  input_width: 640
  input_height: 640

  input_mean: [0.46431773, 0.44211456, 0.4223358]
  input_std: [0.29044453, 0.28503336, 0.29363019]

  numofclasses: 1

