data:
  annotation_format: x1y1wh

  mixup: 0.30
  mosaic: 1.0
  fliplr: 0.5
  flipud: 0.0
  hsv_h: 0.0138
  hsv_s: 0.664
  hsv_v: 0.464
  scale: 0.5
  shear: 0.602
  translate: 0.245
  degrees: 0.373

  ignored_input: False

  input_width: 1280
  input_height: 800

  input_mean: [0.34919569, 0.36444973, 0.35733526]
  input_std: [0.23204576, 0.23708822, 0.23302755]

  numofclasses: 1

